9.54
9.54
12.04
12.04
9.25
9.25
12.86
12.86
8.65
8.65
11.63
11.63
9.26
9.26
9.78
9.78
9.68
9.68
8.58
8.58
9.55
9.55
10
10
10.91
10.91
11.32
11.32
11.1
11.1
12.16
12.16
11.45
11.45
11.17
11.17
10.7
10.7
10.06
10.06
10.4
10.4
11.36
11.36
12.3
12.3
12.59
12.59
11.83
11.83
12.17
12.17
12.12
12.12
11.5
11.5
11.94
11.94
11.59
11.59
11.99
11.99
11.24
11.24
10.76
10.76
12.63
12.63
10.98
10.98
12.21
12.21
10.77
10.77
11.83
11.83
11.65
11.65
11.16
11.16
12.47
12.47
11.68
11.68
11.51
11.51
11.35
11.35
11.52
11.52
11.51
11.51
10.64
10.64
11.22
11.22
10.58
10.58
10.57
10.57
10.73
10.73
10.21
10.21
11.61
11.61
9.96
9.96
11.44
11.44
10.37
10.37
10.02
10.02
11.65
11.65
9.97
9.97
11.6
11.6
9.78
9.78
9.36
9.36
10.6
10.6
8.79
8.79
11.87
11.87
8.99
8.99
11.39
11.39
8.8
8.8
10.42
10.42
8.79
8.79
9.17
9.17
9.87
9.87
7.8
7.8
9.8
9.8
6.95
6.95
10.28
10.28
7.79
7.79
10.64
10.64
9.15
9.15
10.08
10.08
8.97
8.97
9.14
9.14
10.05
10.05
10.17
10.17
9.81
9.81
9.47
9.47
9.74
9.74
8.81
8.81
10.65
10.65
9.74
9.74
11.15
11.15
10.2
10.2
10.77
10.77
10.21
10.21
10.01
10.01
9.12
9.12
8.6
8.6
8.39
8.39
9.38
9.38
8.65
8.65
9.23
9.23
9.71
9.71
10.17
10.17
9.49
9.49
8.63
8.63
9.43
9.43
8.26
8.26
10.04
10.04
9.89
9.89
10.19
10.19
10.54
10.54
10.14
10.14
9.27
9.27
10.6
10.6
11.15
11.15
10.18
10.18
8.88
8.88
10.35
10.35
9.02
9.02
10.78
10.78
8.65
8.65
10.11
10.11
7.76
7.76
8.91
8.91
8
8
8.78
8.78
8.57
8.57
9.08
9.08
8.93
8.93
8.49
8.49
9.24
9.24
7.93
7.93
8.29
8.29
7.38
7.38
9.59
9.59
7.95
7.95
7.6
7.6
7.05
7.05
5.81
5.81
9.78
9.78
9.15
9.15
8.14
8.14
8.68
8.68
9.78
9.78
9.91
9.91
11.17
11.17
10.47
10.47
9.64
9.64
8.81
8.81
10.94
10.94
10.64
10.64
10.79
10.79
10.21
10.21
10.63
10.63
8.56
8.56
10.75
10.75
11.08
11.08
11.57
11.57
12.08
12.08
11.04
11.04
8.94
8.94
10.07
10.07
10.88
10.88
12.06
12.06
11.79
11.79
10.9
10.9
10.76
10.76
11.26
11.26
11.17
11.17
12.08
12.08
11.88
11.88
10.65
10.65
11.11
11.11
10.74
10.74
11.2
11.2
9.11
9.11
12.01
12.01
11.55
11.55
12.44
12.44
11.45
11.45
11.45
11.45
11.6
11.6
11.83
11.83
12.69
12.69
12.09
12.09
11.8
11.8
10.77
10.77
11.59
11.59
11.33
11.33
12.97
12.97
11.61
11.61
12.26
12.26
12.48
12.48
12.98
12.98
13.56
13.56
13.46
13.46
12.93
12.93
14.44
14.44
14.28
14.28
14.41
14.41
14.41
14.41
13.79
13.79
13.5
13.5
14.12
14.12
13.1
13.1
12.23
12.23
13.14
13.14
14.44
14.44
13
13
14.31
14.31
13.18
13.18
13.03
13.03
11.98
11.98
12.4
12.4
11.31
11.31
11.72
11.72
11.13
11.13
10.68
10.68
11.4
11.4
9.99
9.99
7.41
7.41
9.96
9.96
7.83
7.83
9.59
9.59
10.87
10.87
8.63
8.63
9.99
9.99
8.55
8.55
9.41
9.41
10.88
10.88
10.06
10.06
10.42
10.42
9.61
9.61
10.31
10.31
10.78
10.78
11.36
11.36
11.88
11.88
11.82
11.82
11.49
11.49
11.19
11.19
10.23
10.23
11.19
11.19
11.39
11.39
11.3
11.3
10.27
10.27
10.53
10.53
10.51
10.51
10.29
10.29
10.13
10.13
8.82
8.82
9.21
9.21
8.66
8.66
9.84
9.84
9.61
9.61
9.56
9.56
11.22
11.22
10.34
10.34
11.86
11.86
11.39
11.39
11.3
11.3
11.28
11.28
11.48
11.48
10.39
10.39
10.61
10.61
10.06
10.06
10.13
10.13
9.74
9.74
9.92
9.92
8.97
8.97
8.62
8.62
9.03
9.03
8.38
8.38
8.54
8.54
9.08
9.08
8.41
8.41
9.32
9.32
8.8
8.8
9.37
9.37
9.39
9.39
8.44
8.44
8.65
8.65
7.1
7.1
8.3
8.3
8.09
8.09
8.14
8.14
8.58
8.58
8.73
8.73
9.04
9.04
8.81
8.81
8.88
8.88
9.34
9.34
9.75
9.75
10.26
10.26
9.64
9.64
9.98
9.98
11.73
11.73
10.65
10.65
11.31
11.31
11.11
11.11
10.14
10.14
11.9
11.9
10.95
10.95
5.97
5.97
10.11
10.11
11.34
11.34
10.12
10.12
11.4
11.4
10.75
10.75
11.48
11.48
10.9
10.9
9.8
9.8
10.83
10.83
10.27
10.27
10.88
10.88
11.51
11.51
6.38
6.38
11.48
11.48
10.6
10.6
10.54
10.54
13.22
13.22
13.69
13.69
13.32
13.32
13.52
13.52
13.01
13.01
13.6
13.6
11.52
11.52
11.42
11.42
11.9
11.9
11
11
12.07
12.07
11.71
11.71
10.36
10.36
7.51
7.51
13.72
13.72
7.76
7.76
12.19
12.19
12.02
12.02
12.67
12.67
13.72
13.72
12.84
12.84
14.15
14.15
15.32
15.32
14.14
14.14
14.25
14.25
14.57
14.57
15.25
15.25
13.58
13.58
12.94
12.94
14.2
14.2
14.29
14.29
14.61
14.61
14.09
14.09
14.24
14.24
13.83
13.83
14.17
14.17
14.49
14.49
14.54
14.54
14.11
14.11
14.45
14.45
13.73
13.73
13.74
13.74
13.13
13.13
13
13
12.62
12.62
13.21
13.21
13.89
13.89
13.85
13.85
13.74
13.74
13.18
13.18
12.93
12.93
13.67
13.67
13.67
13.67
13.6
13.6
13.83
13.83
13.11
13.11
13.76
13.76
12.74
12.74
12.74
12.74
12.65
12.65
12.74
12.74
13.31
13.31
13.19
13.19
12.85
12.85
12.49
12.49
12.61
12.61
12.58
12.58
12.93
12.93
12.1
12.1
12.39
12.39
12.52
12.52
12.62
12.62
12.57
12.57
11.67
11.67
11.39
11.39
11.56
11.56
11.82
11.82
11.87
11.87
11.46
11.46
11.25
11.25
10.71
10.71
11.23
11.23
11.21
11.21
11.17
11.17
10.45
10.45
10.44
10.44
9.83
9.83
10.01
10.01
10.34
10.34
10
10
9.88
9.88
9.94
9.94
10.01
10.01
10.09
10.09
9.88
9.88
9.7
9.7
9.75
9.75
9.6
9.6
9.39
9.39
9.28
9.28
8.73
8.73
8.98
8.98
9.68
9.68
10.23
10.23
10.22
10.22
10.67
10.67
10.91
10.91
10.48
10.48
10.64
10.64
10.25
10.25
10.19
10.19
10.19
10.19
10.46
10.46
10.76
10.76
10.5
10.5
10.56
10.56
10.46
10.46
10.5
10.5
10.12
10.12
10.34
10.34
10.57
10.57
9.86
9.86
10.3
10.3
10.31
10.31
9.33
9.33
10.23
10.23
9.48
9.48
10.81
10.81
10.99
10.99
11.11
11.11
11.29
11.29
11.44
11.44
11.18
11.18
11.37
11.37
11.17
11.17
11.37
11.37
11.21
11.21
11.7
11.7
10.62
10.62
10.41
10.41
9.93
9.93
10.42
10.42
10.08
10.08
9.91
9.91
10.22
10.22
11.24
11.24
10.58
10.58
10.34
10.34
10.3
10.3
9.91
9.91
9.71
9.71
9.66
9.66
10.04
10.04
9.96
9.96
9.41
9.41
9.48
9.48
8.74
8.74
8.33
8.33
8.5
8.5
8.99
8.99
9.4
9.4
8.69
8.69
9.26
9.26
8.96
8.96
8.4
8.4
9.05
9.05
8.66
8.66
8.06
8.06
10.24
10.24
9.81
9.81
10.56
10.56
10.2
10.2
10.52
10.52
10.3
10.3
9.51
9.51
10.7
10.7
10.71
10.71
10.94
10.94
10.23
10.23
9.83
9.83
9.88
9.88
9.95
9.95
10.7
10.7
11.29
11.29
10.75
10.75
10.55
10.55
10.39
10.39
9.15
9.15
9.01
9.01
7.92
7.92
8.54
8.54
8.5
8.5
8.73
8.73
7.69
7.69
7.92
7.92
8.57
8.57
7.87
7.87
7.83
7.83
8.26
8.26
8.31
8.31
8.24
8.24
7.94
7.94
8.66
8.66
8.3
8.3
7.87
7.87
8.58
8.58
7.81
7.81
4.61
4.61
8.61
8.61
9.66
9.66
9.3
9.3
8.69
8.69
9.09
9.09
8.43
8.43
9.67
9.67
11.1
11.1
11.08
11.08
9.77
9.77
9.27
9.27
8.77
8.77
8.52
8.52
8.74
8.74
8.81
8.81
9.5
9.5
8.48
8.48
10.84
10.84
9.36
9.36
10.94
10.94
9.33
9.33
10.2
10.2
9.19
9.19
10.68
10.68
9.09
9.09
10.15
10.15
10.32
10.32
9.77
9.77
9.66
9.66
10.58
10.58
10.94
10.94
10.69
10.69
11.35
11.35
10.65
10.65
11.23
11.23
12.15
12.15
12.91
12.91
13.29
13.29
11.65
11.65
10.65
10.65
9.04
9.04
9.41
9.41
10.19
10.19
10.63
10.63
10.79
10.79
11.01
11.01
10.61
10.61
10.47
10.47
10.87
10.87
10.99
10.99
11.2
11.2
10.72
10.72
12.54
12.54
10.91
10.91
10.92
10.92
10.23
10.23
11.02
11.02
9.11
9.11
10.74
10.74
10.18
10.18
10.4
10.4
9.45
9.45
10.39
10.39
13.13
13.13
10.9
10.9
10.35
10.35
11.18
11.18
11.32
11.32
11.23
11.23
10.55
10.55
10.71
10.71
9.87
9.87
9.2
9.2
8.94
8.94
9.36
9.36
9.09
9.09
9.19
9.19
10.02
10.02
9.17
9.17
9.31
9.31
9.73
9.73
10.1
10.1
10.05
10.05
9.86
9.86
10.63
10.63
9.6
9.6
10.26
10.26
10.76
10.76
9.22
9.22
10.57
10.57
10.05
10.05
11.32
11.32
10.56
10.56
11.45
11.45
9.56
9.56
9.62
9.62
8.01
8.01
9.24
9.24
9.51
9.51
9.41
9.41
9.38
9.38
8.53
8.53
8.75
8.75
8.3
8.3
9.3
9.3
9.27
9.27
10.09
10.09
8.55
8.55
10.19
10.19
8.06
8.06
8.12
8.12
7.81
7.81
8.68
8.68
7.72
7.72
7.61
7.61
6.58
6.58
7.34
7.34
7.56
7.56
7.72
7.72
6.99
6.99
8.17
8.17
7.98
7.98
7.64
7.64
8.28
8.28
7.74
7.74
8.75
8.75
8.26
8.26
8.34
8.34
8.7
8.7
7.93
7.93
8.08
8.08
7.95
7.95
6.59
6.59
8.48
8.48
8.18
8.18
7.96
7.96
7.83
7.83
8.03
8.03
7.33
7.33
8.02
8.02
7.6
7.6
7.31
7.31
8.34
8.34
6.87
6.87
8.47
8.47
6.5
6.5
8.4
8.4
5.4
5.4
9.03
9.03
6.15
6.15
7.88
7.88
7.22
7.22
7.42
7.42
7.42
7.14
7.14
7.08
7.08
7.13
7.13
6.93
6.93
7.8
7.8
6.9
6.9
8.02
8.02
7.08
7.08
8.43
8.43
7.04
7.04
10.73
10.73
10.46
10.46
11.18
11.18
9.92
9.92
10.15
10.15
10.23
10.23
9.3
9.3
10.41
10.41
9.04
9.04
9.77
9.77
9.47
9.47
9.57
9.57
9.37
9.37
9.32
9.32
9.98
9.98
8.58
8.58
9.18
9.18
7.93
7.93
8.48
8.48
8.92
8.92
8.73
8.73
9.38
9.38
8.87
8.87
9.22
9.22
8.61
8.61
9.3
9.3
9.23
9.23
11.14
11.14
10.79
10.79
11.96
11.96
10.97
10.97
11.93
11.93
11.23
11.23
10.19
10.19
12.06
12.06
11.25
11.25
11.26
11.26
10.14
10.14
10.95
10.95
9.84
9.84
9.43
9.43
9.73
9.73
9.27
9.27
10.31
10.31
9.73
9.73
10.15
10.15
10.05
10.05
10.68
10.68
11.25
11.25
12.31
12.31
11.75
11.75
11.06
11.06
10.86
10.86
11.08
11.08
10.71
10.71
11.49
11.49
11.03
11.03
10.59
10.59
11.15
11.15
11.11
11.11
11.44
11.44
11.44
11.44
12.08
12.08
11.62
11.62
11.76
11.76
11.69
11.69
11.55
11.55
11.71
11.71
12.01
12.01
11.19
11.19
12.09
12.09
11.71
11.71
11.31
11.31
11.99
11.99
12.41
12.41
12.71
12.71
12.42
12.42
12.54
12.54
11.64
11.64
12.37
12.37
11.61
11.61
11.05
11.05
11.12
11.12
11.15
11.15
10.89
10.89
11.73
11.73
11.13
11.13
10.94
10.94
10.91
10.91
10.32
10.32
10.95
10.95
10.69
10.69
9.69
9.69
10.66
10.66
8.59
8.59
11
11
9.84
9.84
12.08
12.08
10.62
10.62
11.03
11.03
10.21
10.21
10.81
10.81
11.51
11.51
11.18
11.18
12.54
12.54
11.38
11.38
11.62
11.62
10.72
10.72
10.72
10.72
10.36
10.36
10.48
10.48
8.91
8.91
10.2
10.2
9.46
9.46
11.01
11.01
9.7
9.7
10.56
10.56
9.93
9.93
10.99
10.99
9.87
9.87
10.04
10.04
10.23
10.23
9.5
9.5
9.6
9.6
10.33
10.33
9.31
9.31
10.57
10.57
9.04
9.04
10.51
10.51
8.63
8.63
10.34
10.34
8.68
8.68
8.96
8.96
8.24
8.24
9.17
9.17
9.12
9.12
9.29
9.29
9.45
9.45
10.11
10.11
10.99
10.99
10.77
10.77
11.33
11.33
11.36
11.36
9.93
9.93
10.4
10.4
9.89
9.89
10.15
10.15
10.13
10.13
8.26
8.26
9.62
9.62
9.72
9.72
11.21
11.21
12.59
12.59
12.86
12.86
13.18
13.18
12.85
12.85
13.15
13.15
13.28
13.28
15.47
15.47
14.16
14.16
15.23
15.23
14.41
14.41
14.13
14.13
14.26
14.26
12.85
12.85
14.54
14.54
14.84
14.84
14.34
14.34
13.33
13.33
13.75
13.75
12.84
12.84
13.23
13.23
13.32
13.32
13.27
13.27
13.3
13.3
12.63
12.63
12.87
12.87
12.53
12.53
12.94
12.94
11.73
11.73
11.81
11.81
11.86
11.86
11.35
11.35
11.23
11.23
10.68
10.68
10.99
10.99
11.15
11.15
10.92
10.92
11.5
11.5
11.01
11.01
12.92
12.92
11.59
11.59
11.18
11.18
10.62
10.62
10.47
10.47
9.67
9.67
9.19
9.19
8.89
8.89
8.78
8.78
9.04
9.04
8.74
8.74
9.47
9.47
9.16
9.16
9.24
9.24
10.16
10.16
9.55
9.55
10.82
10.82
9.7
9.7
10.08
10.08
9.83
9.83
10
10
9.75
9.75
9.18
9.18
8.89
8.89
9.39
9.39
9.04
9.04
9.44
9.44
8.86
8.86
9.06
9.06
8.75
8.75
8.91
8.91
8.99
8.99
9.63
9.63
9.73
9.73
9.44
9.44
9.61
9.61
9.77
9.77
8.89
8.89
9.1
9.1
8.87
8.87
8.95
8.95
9.58
9.58
11.12
11.12
11.78
11.78
12.39
12.39
11.99
11.99
10.02
10.02
11.74
11.74
11.86
11.86
11.66
11.66
11.38
11.38
10.86
10.86
10.74
10.74
11.48
11.48
11.57
11.57
11.73
11.73
11.68
11.68
12.28
12.28
11.71
11.71
11.09
11.09
11.53
11.53
10.45
10.45
10.88
10.88
11.79
11.79
10.08
10.08
11.65
11.65
9.32
9.32
10.39
10.39
10.31
10.31
9.36
9.36
10.98
10.98
9.89
9.89
10.71
10.71
11.03
11.03
9.91
9.91
11.26
11.26
10.38
10.38
9.87
9.87
9.35
9.35
8.6
8.6
9.53
9.53
9.36
9.36
9.57
9.57
9.33
9.33
9.63
9.63
10.51
10.51
10.7
10.7
10.45
10.45
9.63
9.63
9.64
9.64
8.72
8.72
9.04
9.04
8.84
8.84
9.79
9.79
9.82
9.82
8.77
8.77
9.19
9.19
9.66
9.66
9.8
9.8
9.89
9.89
10.56
10.56
11.81
11.81
11.66
11.66
11.31
11.31
11.51
11.51
11.04
11.04
11.6
11.6
11.19
11.19
10.44
10.44
10.72
10.72
10.42
10.42
11.27
11.27
10.47
10.47
11.92
11.92
9.83
9.83
11.44
11.44
10.38
10.38
10.91
10.91
10.89
10.89
11.53
11.53
10.52
10.52
9.27
9.27
9.24
9.24
8.8
8.8
10.03
10.03
10.41
10.41
10
10
9.78
9.78
10.38
10.38
9.35
9.35
10.14
10.14
9.72
9.72
9.57
9.57
8.76
8.76
9.37
9.37
8.82
8.82
9.02
9.02
9.88
9.88
10.11
10.11
11.01
11.01
11.6
11.6
10.22
10.22
11.13
11.13
10.35
10.35
11.26
11.26
10.36
10.36
10.66
10.66
10.39
10.39
9.65
9.65
9.54
9.54
9.4
9.4
9.38
9.38
9.68
9.68
8.97
8.97
10.17
10.17
11.21
11.21
11.46
11.46
11.22
11.22
9.79
9.79
9.06
9.06
8.62
8.62
9.04
9.04
9.42
9.42
9.54
9.54
8.48
8.48
7.3
7.3
8.66
8.66
9.03
9.03
8.36
8.36
9.35
9.35
11.15
11.15
11.02
11.02
10.03
10.03
11.81
11.81
12.3
12.3
12.72
12.72
12.52
12.52
12.19
12.19
11.84
11.84
11.37
11.37
13.19
13.19
13.42
13.42
13.27
13.27
13.32
13.32
12.45
12.45
12.87
12.87
12.38
12.38
13.01
13.01
12.6
12.6
12.78
12.78
12.84
12.84
13.28
13.28
13.55
13.55
15.7
15.7
14.12
14.12
13.61
13.61
13.05
13.05
12.65
12.65
12.3
12.3
11.95
11.95
12.73
12.73
12.65
12.65
12.55
12.55
11.6
11.6
11.96
11.96
11.86
11.86
12.5
12.5
12.99
12.99
12.07
12.07
11.43
11.43
12.55
12.55
13.19
13.19
13.28
13.28
12.61
12.61
12.73
12.73
13.06
13.06
12.38
12.38
12.35
12.35
11.38
11.38
12.03
12.03
12.2
12.2
11.93
11.93
11.76
11.76
11.5
11.5
13.07
13.07
13.51
13.51
14.06
14.06
13.15
13.15
13.61
13.61
12.83
12.83
12.01
12.01
11.97
11.97
12.81
12.81
12
12
12.27
12.27
12.7
12.7
12.27
12.27
12.22
12.22
12.52
12.52
13
13
11.35
11.35
11.29
11.29
11.86
11.86
11.59
11.59
11.76
11.76
10.67
10.67
11
11
10.34
10.34
10.2
10.2
10.53
10.53
11.63
11.63
11.57
11.57
12.85
12.85
11.45
11.45
12.51
12.51
12.32
12.32
12.28
12.28
12.93
12.93
12.12
12.12
10.95
10.95
11.29
11.29
11.16
11.16
11.69
11.69
13.05
13.05
11.74
11.74
12.26
12.26
11.78
11.78
11.26
11.26
11.46
11.46
11.05
11.05
11.01
11.01
10.26
10.26
11.22
11.22
10.05
10.05
10.87
10.87
10.53
10.53
9.89
9.89
10.28
10.28
10.12
10.12
10.83
10.83
11.3
11.3
11.35
11.35
10.79
10.79
10.45
10.45
11.09
11.09
8.74
8.74
10.14
10.14
9.14
9.14
9.96
9.96
10.32
10.32
11.74
11.74
11
11
11.12
11.12
10.33
10.33
10.33
10.33
10.34
10.34
10.79
10.79
10.14
10.14
10.24
10.24
10.6
10.6
10.88
10.88
11.25
11.25
11.94
11.94
11.98
11.98
11.85
11.85
11.25
11.25
11.16
11.16
10.28
10.28
9.81
9.81
8.78
8.78
9.83
9.83
10.27
10.27
10.52
10.52
9.84
9.84
10.28
10.28
9.59
9.59
10.36
10.36
9.65
9.65
10.26
10.26
9.97
9.97
10.06
10.06
10.14
10.14
9.18
9.18
10.14
10.14
9.95
9.95
10.16
10.16
10.08
10.08
11.96
11.96
11.93
11.93
11.78
11.78
10.64
10.64
11.41
11.41
10.66
10.66
10.59
10.59
10.26
10.26
10.5
10.5
10.05
10.05
10.89
10.89
10.25
10.25
10.59
10.59
13.06
13.06
13.43
13.43
13.86
13.86
13.55
13.55
13.63
13.63
12.84
12.84
13.08
13.08
12.05
12.05
12.05
12.05
11.43
11.43
11.58
11.58
10.79
10.79
11.04
11.04
11.07
11.07
10.64
10.64
10.76
10.76
9.35
9.35
9.72
9.72
8.39
8.39
9.44
9.44
9.09
9.09
9.79
9.79
9.31
9.31
9.47
9.47
9.15
9.15
8.99
8.99
8.61
8.61
8.31
8.31
8.59
8.59
8.77
8.77
9.28
9.28
9.84
9.84
9.78
9.78
8.95
8.95
9.98
9.98
10.4
10.4
12
12
10.94
10.94
9.59
9.59
8.18
8.18
9.35
9.35
8.66
8.66
9.87
9.87
9.86
9.86
11.62
11.62
13.8
13.8
14.99
14.99
14.64
14.64
16.24
16.24
15.91
15.91
14.25
14.25
13.77
13.77
13.25
13.25
11.88
11.88
11.23
11.23
9.97
9.97
10.7
10.7
10.64
10.64
10.01
10.01
9.66
9.66
9.29
9.29
9.51
9.51
10.35
10.35
9.94
9.94
10.14
10.14
10.12
10.12
10.14
10.14
9.97
9.97
10.28
10.28
11.03
11.03
11.58
11.58
11.65
11.65
10.74
10.74
10.47
10.47
9.93
9.93
9.41
9.41
8.06
8.06
7.98
7.98
8.51
8.51
8.33
8.33
8.09
8.09
8.93
8.93
9.3
9.3
9.62
9.62
9.44
9.44
10.05
10.05
9.88
9.88
9.2
9.2
9.75
9.75
11.71
11.71
10.86
10.86
11.47
11.47
11.59
11.59
12.33
12.33
11.96
11.96
11.23
11.23
11.63
11.63
11.6
11.6
10.9
10.9
11.88
11.88
11.34
11.34
11.67
11.67
11.47
11.47
10.93
10.93
9.9
9.9
9.57
9.57
10.04
10.04
9.29
9.29
9.15
9.15
9.16
9.16
9.39
9.39
9.4
9.4
9.84
9.84
8.91
8.91
9.96
9.96
8.7
8.7
8.68
8.68
7.77
7.77
7.98
7.98
7.78
7.78
7.61
7.61
7.39
7.39
7.34
7.34
6.74
